timestamp,close,high,low,open
2017-03-24 09:00:00,87.787,87.793,87.78,87.79
2017-03-24 09:00:30,87.765,87.79,87.765,87.781
2017-03-24 09:01:00,87.756,87.775,87.756,87.769
2017-03-24 09:01:30,87.789,87.792,87.769,87.769
2017-03-24 09:02:00,87.764,87.778,87.763,87.776
2017-03-24 09:02:30,87.74,87.767,87.74,87.767
2017-03-24 09:03:00,87.712,87.732,87.712,87.732
2017-03-24 09:03:30,87.699,87.705,87.689,87.704
2017-03-24 09:04:00,87.697,87.697,87.683,87.69
2017-03-24 09:04:30,87.678,87.685,87.674,87.685
2017-03-24 09:05:00,87.678,87.686,87.662,87.686
2017-03-24 09:05:30,87.655,87.671,87.653,87.671
2017-03-24 09:06:00,87.658,87.68,87.658,87.67
2017-03-24 09:06:30,87.668,87.672,87.656,87.672
2017-03-24 09:07:00,87.659,87.674,87.659,87.674
2017-03-24 09:07:30,87.679,87.679,87.662,87.664
2017-03-24 09:08:00,87.674,87.68,87.671,87.671
2017-03-24 09:08:30,87.685,87.691,87.673,87.687
2017-03-24 09:09:00,87.682,87.688,87.67,87.688
2017-03-24 09:09:30,87.667,87.679,87.667,87.679
2017-03-24 09:10:00,87.665,87.665,87.645,87.651
2017-03-24 09:10:30,87.658,87.663,87.652,87.652
2017-03-24 09:11:00,87.656,87.673,87.656,87.673
2017-03-24 09:11:30,87.607,87.641,87.607,87.641
2017-03-24 09:12:00,87.588,87.601,87.588,87.6
2017-03-24 09:12:30,87.596,87.596,87.583,87.585
2017-03-24 09:13:00,87.564,87.584,87.564,87.584
2017-03-24 09:13:30,87.571,87.581,87.562,87.565
2017-03-24 09:14:00,87.617,87.617,87.573,87.573
2017-03-24 09:14:30,87.635,87.635,87.61,87.617
2017-03-24 09:15:00,87.61,87.632,87.61,87.626
2017-03-24 09:15:30,87.593,87.622,87.593,87.622
2017-03-24 09:16:00,87.572,87.604,87.572,87.604
2017-03-24 09:16:30,87.532,87.568,87.532,87.568
2017-03-24 09:17:00,87.534,87.547,87.534,87.54
2017-03-24 09:17:30,87.542,87.557,87.542,87.542
2017-03-24 09:18:00,87.545,87.562,87.542,87.551
2017-03-24 09:18:30,87.534,87.534,87.521,87.532
2017-03-24 09:19:00,87.526,87.527,87.517,87.525
2017-03-24 09:19:30,87.527,87.547,87.527,87.54
2017-03-24 09:20:00,87.536,87.536,87.522,87.522
2017-03-24 09:20:30,87.54,87.54,87.526,87.531
2017-03-24 09:21:00,87.566,87.566,87.551,87.552
2017-03-24 09:21:30,87.557,87.576,87.552,87.576
2017-03-24 09:22:00,87.573,87.573,87.549,87.568
2017-03-24 09:22:30,87.564,87.586,87.564,87.586
2017-03-24 09:23:00,87.575,87.59,87.569,87.569
2017-03-24 09:23:30,87.57,87.591,87.57,87.582
2017-03-24 09:24:00,87.578,87.578,87.563,87.577
2017-03-24 09:24:30,87.559,87.591,87.559,87.584
2017-03-24 09:25:00,87.56,87.572,87.56,87.563
2017-03-24 09:25:30,87.575,87.576,87.566,87.568
2017-03-24 09:26:00,87.545,87.568,87.534,87.568
2017-03-24 09:26:30,87.509,87.54,87.509,87.54
2017-03-24 09:27:00,87.497,87.517,87.497,87.512
2017-03-24 09:27:30,87.496,87.511,87.496,87.505
2017-03-24 09:28:00,87.468,87.487,87.468,87.487
2017-03-24 09:28:30,87.446,87.471,87.441,87.471
2017-03-24 09:29:00,87.425,87.434,87.425,87.431
2017-03-24 09:29:30,87.399,87.417,87.399,87.417
2017-03-24 09:30:00,87.379,87.388,87.379,87.383
2017-03-24 09:30:30,87.374,87.376,87.357,87.376
2017-03-24 09:31:00,87.36,87.378,87.354,87.37
2017-03-24 09:31:30,87.332,87.347,87.332,87.345
2017-03-24 09:32:00,87.316,87.34,87.316,87.34
2017-03-24 09:32:30,87.308,87.323,87.308,87.309
2017-03-24 09:33:00,87.337,87.337,87.32,87.321
2017-03-24 09:33:30,87.37,87.37,87.33,87.33
2017-03-24 09:34:00,87.389,87.389,87.374,87.385
2017-03-24 09:34:30,87.401,87.401,87.378,87.378
2017-03-24 09:35:00,87.417,87.417,87.394,87.394
2017-03-24 09:35:30,87.456,87.456,87.422,87.422
2017-03-24 09:36:00,87.495,87.495,87.47,87.47
2017-03-24 09:36:30,87.477,87.499,87.467,87.499
2017-03-24 09:37:00,87.461,87.468,87.461,87.462
2017-03-24 09:37:30,87.478,87.481,87.456,87.456
2017-03-24 09:38:00,87.499,87.501,87.486,87.486
2017-03-24 09:38:30,87.518,87.518,87.491,87.505
2017-03-24 09:39:00,87.502,87.503,87.485,87.503
2017-03-24 09:39:30,87.523,87.523,87.509,87.509
2017-03-24 09:40:00,87.559,87.559,87.538,87.538
2017-03-24 09:40:30,87.554,87.567,87.554,87.567
2017-03-24 09:41:00,87.545,87.546,87.535,87.54
2017-03-24 09:41:30,87.587,87.587,87.556,87.556
2017-03-24 09:42:00,87.601,87.615,87.598,87.598
2017-03-24 09:42:30,87.613,87.613,87.596,87.602
2017-03-24 09:43:00,87.647,87.647,87.614,87.614
2017-03-24 09:43:30,87.643,87.647,87.631,87.636
2017-03-24 09:44:00,87.66,87.66,87.642,87.642
2017-03-24 09:44:30,87.669,87.669,87.642,87.645
2017-03-24 09:45:00,87.679,87.696,87.677,87.677
2017-03-24 09:45:30,87.684,87.704,87.684,87.689
2017-03-24 09:46:00,87.69,87.701,87.689,87.696
2017-03-24 09:46:30,87.658,87.68,87.658,87.678
2017-03-24 09:47:00,87.626,87.663,87.626,87.65
2017-03-24 09:47:30,87.613,87.641,87.613,87.641
2017-03-24 09:48:00,87.614,87.628,87.604,87.628
2017-03-24 09:48:30,87.622,87.629,87.608,87.629
2017-03-24 09:49:00,87.64,87.64,87.623,87.636
2017-03-24 09:49:30,87.637,87.65,87.625,87.65
2017-03-24 09:50:00,87.647,87.647,87.621,87.623
2017-03-24 09:50:30,87.677,87.677,87.656,87.656
2017-03-24 09:51:00,87.711,87.711,87.678,87.678
2017-03-24 09:51:30,87.721,87.732,87.71,87.71
2017-03-24 09:52:00,87.726,87.726,87.707,87.708
2017-03-24 09:52:30,87.717,87.719,87.703,87.717
2017-03-24 09:53:00,87.712,87.726,87.712,87.722
2017-03-24 09:53:30,87.696,87.705,87.685,87.697
2017-03-24 09:54:00,87.679,87.69,87.672,87.688
2017-03-24 09:54:30,87.65,87.673,87.65,87.666
2017-03-24 09:55:00,87.67,87.67,87.65,87.659
2017-03-24 09:55:30,87.685,87.698,87.68,87.68
2017-03-24 09:56:00,87.686,87.697,87.686,87.697
2017-03-24 09:56:30,87.662,87.671,87.662,87.671
2017-03-24 09:57:00,87.626,87.666,87.626,87.657
2017-03-24 09:57:30,87.619,87.642,87.619,87.619
2017-03-24 09:58:00,87.641,87.652,87.628,87.628
2017-03-24 09:58:30,87.61,87.639,87.61,87.637
2017-03-24 09:59:00,87.626,87.626,87.607,87.607
2017-03-24 09:59:30,87.601,87.62,87.601,87.616
2017-03-24 10:00:00,87.603,87.606,87.59,87.606
2017-03-24 10:00:30,87.599,87.612,87.589,87.589
2017-03-24 10:01:00,87.584,87.615,87.584,87.61
2017-03-24 10:01:30,87.597,87.608,87.597,87.597
2017-03-24 10:02:00,87.592,87.602,87.592,87.597
2017-03-24 10:02:30,87.604,87.604,87.59,87.599
2017-03-24 10:03:00,87.588,87.593,87.582,87.588
2017-03-24 10:03:30,87.598,87.601,87.59,87.601
2017-03-24 10:04:00,87.618,87.618,87.596,87.596
2017-03-24 10:04:30,87.643,87.643,87.605,87.605
2017-03-24 10:05:00,87.646,87.648,87.633,87.643
2017-03-24 10:05:30,87.649,87.657,87.644,87.652
2017-03-24 10:06:00,87.657,87.668,87.651,87.662
2017-03-24 10:06:30,87.649,87.655,87.638,87.655
2017-03-24 10:07:00,87.656,87.669,87.644,87.644
2017-03-24 10:07:30,87.648,87.659,87.644,87.644
2017-03-24 10:08:00,87.645,87.661,87.645,87.661
2017-03-24 10:08:30,87.641,87.653,87.627,87.653
2017-03-24 10:09:00,87.586,87.63,87.586,87.63
2017-03-24 10:09:30,87.561,87.586,87.561,87.586
2017-03-24 10:10:00,87.538,87.575,87.538,87.575
2017-03-24 10:10:30,87.52,87.538,87.519,87.523
2017-03-24 10:11:00,87.536,87.536,87.524,87.533
2017-03-24 10:11:30,87.537,87.55,87.537,87.548
2017-03-24 10:12:00,87.55,87.55,87.527,87.543
2017-03-24 10:12:30,87.55,87.56,87.539,87.539
2017-03-24 10:13:00,87.556,87.572,87.556,87.558
2017-03-24 10:13:30,87.585,87.585,87.566,87.566
2017-03-24 10:14:00,87.617,87.617,87.584,87.584
2017-03-24 10:14:30,87.634,87.646,87.62,87.62
2017-03-24 10:15:00,87.632,87.636,87.632,87.635
2017-03-24 10:15:30,87.641,87.65,87.627,87.627
2017-03-24 10:16:00,87.632,87.659,87.632,87.643
2017-03-24 10:16:30,87.64,87.642,87.627,87.627
2017-03-24 10:17:00,87.607,87.647,87.607,87.637
2017-03-24 10:17:30,87.603,87.616,87.602,87.611
2017-03-24 10:18:00,87.575,87.6,87.564,87.6
2017-03-24 10:18:30,87.619,87.623,87.586,87.586
2017-03-24 10:19:00,87.638,87.638,87.615,87.615
2017-03-24 10:19:30,87.646,87.646,87.62,87.638
2017-03-24 10:20:00,87.647,87.657,87.647,87.655
2017-03-24 10:20:30,87.651,87.666,87.649,87.649
2017-03-24 10:21:00,87.672,87.672,87.649,87.649
2017-03-24 10:21:30,87.656,87.674,87.656,87.668
2017-03-24 10:22:00,87.68,87.68,87.663,87.663
2017-03-24 10:22:30,87.662,87.664,87.652,87.664
2017-03-24 10:23:00,87.652,87.657,87.644,87.653
2017-03-24 10:23:30,87.647,87.647,87.628,87.645
2017-03-24 10:24:00,87.635,87.65,87.626,87.64
2017-03-24 10:24:30,87.644,87.65,87.625,87.625
2017-03-24 10:25:00,87.662,87.662,87.644,87.658
2017-03-24 10:25:30,87.652,87.655,87.645,87.649
2017-03-24 10:26:00,87.642,87.653,87.64,87.652
2017-03-24 10:26:30,87.641,87.652,87.639,87.644
2017-03-24 10:27:00,87.639,87.648,87.622,87.648
2017-03-24 10:27:30,87.662,87.662,87.637,87.637
2017-03-24 10:28:00,87.691,87.691,87.67,87.673
2017-03-24 10:28:30,87.697,87.708,87.684,87.684
2017-03-24 10:29:00,87.676,87.685,87.674,87.684
2017-03-24 10:29:30,87.674,87.674,87.66,87.663
2017-03-24 10:30:00,87.657,87.668,87.656,87.668
2017-03-24 10:30:30,87.643,87.656,87.633,87.643
2017-03-24 10:31:00,87.646,87.646,87.628,87.628
2017-03-24 10:31:30,87.677,87.677,87.653,87.656
2017-03-24 10:32:00,87.696,87.703,87.666,87.666
2017-03-24 10:32:30,87.659,87.695,87.659,87.695
2017-03-24 10:33:00,87.685,87.685,87.661,87.661
2017-03-24 10:33:30,87.671,87.684,87.663,87.684
2017-03-24 10:34:00,87.633,87.669,87.633,87.669
2017-03-24 10:34:30,87.67,87.672,87.646,87.646
2017-03-24 10:35:00,87.685,87.685,87.67,87.677
2017-03-24 10:35:30,87.684,87.696,87.67,87.67
2017-03-24 10:36:00,87.688,87.698,87.688,87.698
2017-03-24 10:36:30,87.669,87.686,87.667,87.686
2017-03-24 10:37:00,87.722,87.722,87.679,87.679
2017-03-24 10:37:30,87.724,87.724,87.705,87.716
2017-03-24 10:38:00,87.691,87.715,87.682,87.715
2017-03-24 10:38:30,87.684,87.69,87.678,87.681
2017-03-24 10:39:00,87.704,87.704,87.69,87.69
2017-03-24 10:39:30,87.708,87.709,87.689,87.689
2017-03-24 10:40:00,87.682,87.709,87.682,87.709
2017-03-24 10:40:30,87.662,87.697,87.662,87.697
2017-03-24 10:41:00,87.671,87.681,87.669,87.673
2017-03-24 10:41:30,87.686,87.686,87.667,87.667
2017-03-24 10:42:00,87.679,87.69,87.674,87.674
2017-03-24 10:42:30,87.692,87.692,87.677,87.688
2017-03-24 10:43:00,87.673,87.692,87.673,87.692
2017-03-24 10:43:30,87.689,87.689,87.675,87.676
2017-03-24 10:44:00,87.691,87.712,87.691,87.695
2017-03-24 10:44:30,87.674,87.689,87.674,87.689
2017-03-24 10:45:00,87.687,87.691,87.677,87.685
2017-03-24 10:45:30,87.65,87.68,87.65,87.674
2017-03-24 10:46:00,87.67,87.684,87.658,87.658
2017-03-24 10:46:30,87.683,87.683,87.656,87.658
2017-03-24 10:47:00,87.65,87.674,87.65,87.674
2017-03-24 10:47:30,87.656,87.656,87.645,87.655
2017-03-24 10:48:00,87.694,87.694,87.655,87.655
2017-03-24 10:48:30,87.733,87.733,87.694,87.694
2017-03-24 10:49:00,87.729,87.729,87.701,87.726
2017-03-24 10:49:30,87.722,87.726,87.707,87.726
2017-03-24 10:50:00,87.717,87.721,87.707,87.707
2017-03-24 10:50:30,87.733,87.733,87.716,87.73
2017-03-24 10:51:00,87.784,87.784,87.747,87.747
2017-03-24 10:51:30,87.799,87.81,87.793,87.793
2017-03-24 10:52:00,87.82,87.82,87.797,87.8
2017-03-24 10:52:30,87.798,87.814,87.796,87.814
2017-03-24 10:53:00,87.81,87.81,87.792,87.792
2017-03-24 10:53:30,87.813,87.813,87.801,87.801
2017-03-24 10:54:00,87.801,87.811,87.8,87.806
2017-03-24 10:54:30,87.806,87.806,87.789,87.796
2017-03-24 10:55:00,87.832,87.832,87.803,87.806
2017-03-24 10:55:30,87.836,87.836,87.822,87.835
2017-03-24 10:56:00,87.827,87.839,87.817,87.839
2017-03-24 10:56:30,87.825,87.825,87.806,87.822
2017-03-24 10:57:00,87.844,87.844,87.828,87.832
2017-03-24 10:57:30,87.828,87.841,87.827,87.841
2017-03-24 10:58:00,87.863,87.864,87.83,87.83
2017-03-24 10:58:30,87.884,87.884,87.868,87.873
2017-03-24 10:59:00,87.902,87.902,87.877,87.877
2017-03-24 10:59:30,87.904,87.907,87.89,87.9
2017-03-24 11:00:00,87.914,87.924,87.909,87.909
2017-03-24 11:00:30,87.921,87.928,87.92,87.925
2017-03-24 11:01:00,87.922,87.922,87.905,87.91
2017-03-24 11:01:30,87.939,87.939,87.929,87.932
2017-03-24 11:02:00,87.976,87.976,87.945,87.945
2017-03-24 11:02:30,87.979,87.979,87.972,87.972
2017-03-24 11:03:00,87.948,87.983,87.948,87.983
2017-03-24 11:03:30,87.963,87.963,87.951,87.951
2017-03-24 11:04:00,87.972,87.972,87.958,87.958
2017-03-24 11:04:30,87.951,87.984,87.951,87.984
2017-03-24 11:05:00,87.946,87.962,87.946,87.948
2017-03-24 11:05:30,87.959,87.959,87.948,87.956
2017-03-24 11:06:00,87.966,87.976,87.957,87.957
2017-03-24 11:06:30,87.974,87.987,87.971,87.971
2017-03-24 11:07:00,87.967,87.983,87.964,87.983
2017-03-24 11:07:30,87.959,87.96,87.954,87.96
2017-03-24 11:08:00,87.944,87.955,87.944,87.954
2017-03-24 11:08:30,87.964,87.966,87.954,87.954
2017-03-24 11:09:00,87.957,87.973,87.957,87.96
2017-03-24 11:09:30,87.973,87.974,87.958,87.958
2017-03-24 11:10:00,87.968,87.982,87.966,87.972
2017-03-24 11:10:30,87.964,87.98,87.964,87.973
2017-03-24 11:11:00,87.974,87.978,87.961,87.961
2017-03-24 11:11:30,87.991,87.991,87.975,87.978
2017-03-24 11:12:00,88.004,88.007,87.994,87.994
2017-03-24 11:12:30,88.002,88.021,88.002,88.005
2017-03-24 11:13:00,87.993,87.993,87.984,87.992
2017-03-24 11:13:30,88.006,88.006,87.998,88.004
2017-03-24 11:14:00,88.005,88.015,88.005,88.009
2017-03-24 11:14:30,88.014,88.017,88.006,88.01
2017-03-24 11:15:00,88.01,88.025,88.009,88.019
2017-03-24 11:15:30,88.023,88.038,88.021,88.021
2017-03-24 11:16:00,88.026,88.026,88.013,88.013
2017-03-24 11:16:30,88.039,88.039,88.031,88.036
2017-03-24 11:17:00,88.033,88.046,88.033,88.038
2017-03-24 11:17:30,88.031,88.051,88.031,88.039
2017-03-24 11:18:00,88.048,88.048,88.026,88.026
2017-03-24 11:18:30,88.032,88.049,88.032,88.045
2017-03-24 11:19:00,88.018,88.027,88.013,88.027
2017-03-24 11:19:30,88.049,88.049,88.026,88.026
2017-03-24 11:20:00,88.027,88.044,88.024,88.044
2017-03-24 11:20:30,88.012,88.032,88.012,88.02
2017-03-24 11:21:00,88.011,88.022,88.01,88.021
2017-03-24 11:21:30,88.019,88.022,88.014,88.014
2017-03-24 11:22:00,88.035,88.035,88.019,88.021
2017-03-24 11:22:30,88.06,88.068,88.046,88.046
2017-03-24 11:23:00,88.058,88.074,88.058,88.067
2017-03-24 11:23:30,88.026,88.051,88.026,88.051
2017-03-24 11:24:00,88.043,88.056,88.029,88.029
2017-03-24 11:24:30,88.07,88.074,88.055,88.055
2017-03-24 11:25:00,88.066,88.07,88.058,88.066
2017-03-24 11:25:30,88.056,88.076,88.056,88.076
2017-03-24 11:26:00,88.062,88.073,88.062,88.062
2017-03-24 11:26:30,88.062,88.065,88.057,88.057
2017-03-24 11:27:00,88.056,88.065,88.056,88.059
2017-03-24 11:27:30,88.041,88.058,88.041,88.052
2017-03-24 11:28:00,88.029,88.037,88.026,88.033
2017-03-24 11:28:30,88.031,88.032,88.02,88.032
2017-03-24 11:29:00,88.006,88.02,88.006,88.019
2017-03-24 11:29:30,88.039,88.039,88.016,88.016
2017-03-24 11:30:00,88.021,88.032,88.021,88.027
2017-03-24 11:30:30,88.056,88.056,88.032,88.032
2017-03-24 11:31:00,88.052,88.059,88.052,88.053
2017-03-24 11:31:30,88.058,88.058,88.04,88.04
2017-03-24 11:32:00,88.064,88.076,88.062,88.065
2017-03-24 11:32:30,88.09,88.09,88.069,88.069
2017-03-24 11:33:00,88.072,88.081,88.072,88.078
2017-03-24 11:33:30,88.041,88.065,88.036,88.065
2017-03-24 11:34:00,88.043,88.044,88.034,88.034
2017-03-24 11:34:30,88.036,88.044,88.025,88.044
2017-03-24 11:35:00,88.057,88.057,88.032,88.032
2017-03-24 11:35:30,88.042,88.061,88.042,88.061
2017-03-24 11:36:00,88.023,88.044,88.023,88.044
2017-03-24 11:36:30,88.002,88.018,87.998,88.018
2017-03-24 11:37:00,88.007,88.007,87.995,88.005
2017-03-24 11:37:30,88.014,88.014,87.994,87.994
2017-03-24 11:38:00,88.03,88.031,88.003,88.003
2017-03-24 11:38:30,88.052,88.052,88.037,88.037
2017-03-24 11:39:00,88.031,88.055,88.031,88.055
2017-03-24 11:39:30,88.023,88.024,88.011,88.024
2017-03-24 11:40:00,88.026,88.026,88.015,88.015
2017-03-24 11:40:30,88.053,88.053,88.037,88.037
2017-03-24 11:41:00,88.042,88.046,88.042,88.043
2017-03-24 11:41:30,88.059,88.065,88.037,88.037
2017-03-24 11:42:00,88.038,88.059,88.038,88.059
2017-03-24 11:42:30,88.019,88.035,88.019,88.031
2017-03-24 11:43:00,88.036,88.036,88.007,88.007
2017-03-24 11:43:30,88.047,88.052,88.034,88.04
2017-03-24 11:44:00,88.028,88.04,88.026,88.04
2017-03-24 11:44:30,88.0,88.017,88.0,88.017
2017-03-24 11:45:00,88.016,88.021,87.999,88.007
2017-03-24 11:45:30,88.001,88.008,88.001,88.008
2017-03-24 11:46:00,88.005,88.012,87.999,88.012
2017-03-24 11:46:30,88.008,88.015,88.003,88.003
2017-03-24 11:47:00,88.03,88.038,88.019,88.019
2017-03-24 11:47:30,88.018,88.033,88.018,88.033
2017-03-24 11:48:00,88.033,88.034,88.021,88.025
2017-03-24 11:48:30,88.054,88.054,88.04,88.043
2017-03-24 11:49:00,88.043,88.055,88.043,88.044
2017-03-24 11:49:30,88.032,88.05,88.032,88.05
2017-03-24 11:50:00,88.024,88.05,88.024,88.041
2017-03-24 11:50:30,88.025,88.031,88.012,88.031
2017-03-24 11:51:00,88.011,88.021,88.007,88.017
2017-03-24 11:51:30,88.005,88.021,88.005,88.021
2017-03-24 11:52:00,87.998,88.017,87.998,88.011
2017-03-24 11:52:30,87.996,88.001,87.99,88.001
2017-03-24 11:53:00,88.025,88.025,87.989,87.989
2017-03-24 11:53:30,88.015,88.043,88.015,88.035
2017-03-24 11:54:00,88.034,88.034,88.021,88.024
2017-03-24 11:54:30,88.044,88.044,88.029,88.029
2017-03-24 11:55:00,88.039,88.044,88.035,88.035
2017-03-24 11:55:30,88.025,88.036,88.018,88.03
2017-03-24 11:56:00,88.028,88.028,88.021,88.028
2017-03-24 11:56:30,88.008,88.034,88.008,88.029
2017-03-24 11:57:00,88.004,88.016,88.004,88.009
2017-03-24 11:57:30,87.991,88.011,87.991,88.001
2017-03-24 11:58:00,87.989,87.989,87.979,87.981
2017-03-24 11:58:30,87.991,87.991,87.978,87.99
2017-03-24 11:59:00,87.99,87.994,87.985,87.994
2017-03-24 11:59:30,87.99,87.996,87.99,87.991
2017-03-24 12:00:00,87.99,87.999,87.99,87.999
2017-03-24 12:00:30,87.972,87.982,87.972,87.98
2017-03-24 12:01:00,87.961,87.974,87.961,87.963
2017-03-24 12:01:30,87.961,87.961,87.952,87.956
2017-03-24 12:02:00,87.942,87.968,87.942,87.958
2017-03-24 12:02:30,87.932,87.96,87.932,87.951
2017-03-24 12:03:00,87.931,87.931,87.915,87.927
2017-03-24 12:03:30,87.932,87.945,87.931,87.931
2017-03-24 12:04:00,87.941,87.946,87.934,87.944
2017-03-24 12:04:30,87.935,87.946,87.934,87.946
2017-03-24 12:05:00,87.92,87.94,87.92,87.936
2017-03-24 12:05:30,87.91,87.937,87.91,87.929
2017-03-24 12:06:00,87.892,87.909,87.891,87.909
2017-03-24 12:06:30,87.893,87.913,87.893,87.903
2017-03-24 12:07:00,87.903,87.903,87.89,87.89
2017-03-24 12:07:30,87.917,87.917,87.907,87.907
2017-03-24 12:08:00,87.899,87.917,87.899,87.917
2017-03-24 12:08:30,87.908,87.917,87.9,87.9
2017-03-24 12:09:00,87.908,87.908,87.897,87.897
2017-03-24 12:09:30,87.896,87.903,87.896,87.897
2017-03-24 12:10:00,87.877,87.899,87.877,87.899
2017-03-24 12:10:30,87.863,87.877,87.863,87.877
2017-03-24 12:11:00,87.841,87.853,87.84,87.853
2017-03-24 12:11:30,87.85,87.852,87.837,87.847
2017-03-24 12:12:00,87.837,87.847,87.832,87.847
2017-03-24 12:12:30,87.845,87.845,87.837,87.843
2017-03-24 12:13:00,87.848,87.851,87.837,87.837
2017-03-24 12:13:30,87.842,87.853,87.842,87.853
2017-03-24 12:14:00,87.847,87.857,87.842,87.842
2017-03-24 12:14:30,87.838,87.847,87.828,87.847
2017-03-24 12:15:00,87.841,87.848,87.839,87.845
2017-03-24 12:15:30,87.836,87.845,87.836,87.837
2017-03-24 12:16:00,87.812,87.834,87.812,87.834
2017-03-24 12:16:30,87.834,87.834,87.813,87.817
2017-03-24 12:17:00,87.8,87.828,87.8,87.828
2017-03-24 12:17:30,87.774,87.801,87.774,87.801
2017-03-24 12:18:00,87.796,87.796,87.772,87.772
2017-03-24 12:18:30,87.792,87.793,87.778,87.791
2017-03-24 12:19:00,87.778,87.792,87.774,87.792
2017-03-24 12:19:30,87.76,87.778,87.76,87.778
2017-03-24 12:20:00,87.739,87.756,87.739,87.756
2017-03-24 12:20:30,87.717,87.743,87.702,87.743
2017-03-24 12:21:00,87.723,87.727,87.713,87.724
2017-03-24 12:21:30,87.695,87.72,87.695,87.72
2017-03-24 12:22:00,87.692,87.698,87.685,87.697
2017-03-24 12:22:30,87.675,87.676,87.665,87.676
2017-03-24 12:23:00,87.648,87.665,87.648,87.665
2017-03-24 12:23:30,87.661,87.668,87.661,87.661
2017-03-24 12:24:00,87.686,87.686,87.66,87.672
2017-03-24 12:24:30,87.683,87.69,87.675,87.675
2017-03-24 12:25:00,87.7,87.7,87.67,87.67
2017-03-24 12:25:30,87.698,87.704,87.694,87.696
2017-03-24 12:26:00,87.716,87.717,87.699,87.712
2017-03-24 12:26:30,87.698,87.707,87.693,87.702
2017-03-24 12:27:00,87.712,87.719,87.707,87.707
2017-03-24 12:27:30,87.704,87.72,87.704,87.72
2017-03-24 12:28:00,87.688,87.707,87.68,87.707
2017-03-24 12:28:30,87.705,87.706,87.692,87.693
2017-03-24 12:29:00,87.713,87.713,87.696,87.711
2017-03-24 12:29:30,87.75,87.75,87.718,87.718
2017-03-24 12:30:00,87.748,87.755,87.74,87.74
2017-03-24 12:30:30,87.759,87.765,87.736,87.736
2017-03-24 12:31:00,87.737,87.757,87.73,87.757
2017-03-24 12:31:30,87.739,87.739,87.722,87.728
2017-03-24 12:32:00,87.722,87.747,87.722,87.738
2017-03-24 12:32:30,87.704,87.731,87.704,87.727
2017-03-24 12:33:00,87.728,87.728,87.71,87.715
2017-03-24 12:33:30,87.727,87.746,87.727,87.729
2017-03-24 12:34:00,87.675,87.712,87.675,87.712
2017-03-24 12:34:30,87.65,87.671,87.649,87.671
2017-03-24 12:35:00,87.636,87.637,87.615,87.637
2017-03-24 12:35:30,87.64,87.65,87.636,87.64
2017-03-24 12:36:00,87.661,87.661,87.647,87.653
2017-03-24 12:36:30,87.679,87.679,87.667,87.673
2017-03-24 12:37:00,87.649,87.678,87.648,87.678
2017-03-24 12:37:30,87.646,87.646,87.631,87.645
2017-03-24 12:38:00,87.67,87.678,87.655,87.655
2017-03-24 12:38:30,87.64,87.669,87.64,87.669
2017-03-24 12:39:00,87.64,87.649,87.635,87.645
2017-03-24 12:39:30,87.629,87.64,87.629,87.634
2017-03-24 12:40:00,87.629,87.639,87.629,87.639
2017-03-24 12:40:30,87.61,87.626,87.61,87.623
2017-03-24 12:41:00,87.601,87.623,87.601,87.613
2017-03-24 12:41:30,87.608,87.613,87.6,87.6
2017-03-24 12:42:00,87.614,87.614,87.583,87.592
2017-03-24 12:42:30,87.612,87.622,87.61,87.61
2017-03-24 12:43:00,87.585,87.612,87.585,87.612
2017-03-24 12:43:30,87.556,87.586,87.556,87.586
2017-03-24 12:44:00,87.547,87.561,87.547,87.552
2017-03-24 12:44:30,87.551,87.568,87.543,87.56
2017-03-24 12:45:00,87.588,87.588,87.544,87.544
2017-03-24 12:45:30,87.577,87.577,87.565,87.574
2017-03-24 12:46:00,87.584,87.587,87.572,87.587
2017-03-24 12:46:30,87.599,87.599,87.589,87.589
2017-03-24 12:47:00,87.637,87.638,87.613,87.613
2017-03-24 12:47:30,87.652,87.667,87.639,87.645
2017-03-24 12:48:00,87.672,87.672,87.644,87.644
2017-03-24 12:48:30,87.699,87.699,87.661,87.661
2017-03-24 12:49:00,87.725,87.725,87.707,87.707
2017-03-24 12:49:30,87.713,87.731,87.713,87.726
2017-03-24 12:50:00,87.716,87.716,87.701,87.709
2017-03-24 12:50:30,87.703,87.712,87.701,87.701
2017-03-24 12:51:00,87.686,87.695,87.683,87.689
2017-03-24 12:51:30,87.683,87.702,87.683,87.697
2017-03-24 12:52:00,87.694,87.701,87.687,87.698
2017-03-24 12:52:30,87.676,87.689,87.675,87.679
2017-03-24 12:53:00,87.647,87.671,87.637,87.671
2017-03-24 12:53:30,87.617,87.648,87.617,87.648
2017-03-24 12:54:00,87.586,87.61,87.571,87.61
2017-03-24 12:54:30,87.542,87.571,87.538,87.571
2017-03-24 12:55:00,87.56,87.56,87.532,87.532
2017-03-24 12:55:30,87.57,87.581,87.568,87.569
2017-03-24 12:56:00,87.569,87.585,87.563,87.578
2017-03-24 12:56:30,87.56,87.568,87.56,87.566
2017-03-24 12:57:00,87.537,87.566,87.537,87.561
2017-03-24 12:57:30,87.493,87.525,87.493,87.525
2017-03-24 12:58:00,87.503,87.505,87.495,87.495
2017-03-24 12:58:30,87.457,87.489,87.457,87.488
2017-03-24 12:59:00,87.438,87.474,87.438,87.461
2017-03-24 12:59:30,87.466,87.466,87.451,87.451
2017-03-24 13:00:00,87.438,87.462,87.438,87.462
2017-03-24 13:00:30,87.464,87.464,87.429,87.429
2017-03-24 13:01:00,87.499,87.499,87.466,87.466
2017-03-24 13:01:30,87.505,87.505,87.487,87.487
2017-03-24 13:02:00,87.499,87.503,87.479,87.503
2017-03-24 13:02:30,87.498,87.501,87.482,87.486
2017-03-24 13:03:00,87.479,87.491,87.473,87.488
2017-03-24 13:03:30,87.471,87.486,87.471,87.48
2017-03-24 13:04:00,87.481,87.482,87.466,87.466
2017-03-24 13:04:30,87.497,87.497,87.49,87.49
2017-03-24 13:05:00,87.495,87.496,87.48,87.484
2017-03-24 13:05:30,87.519,87.519,87.495,87.507
2017-03-24 13:06:00,87.524,87.549,87.524,87.53
2017-03-24 13:06:30,87.509,87.521,87.509,87.52
2017-03-24 13:07:00,87.467,87.499,87.467,87.499
2017-03-24 13:07:30,87.454,87.46,87.441,87.46
2017-03-24 13:08:00,87.434,87.456,87.432,87.456
2017-03-24 13:08:30,87.421,87.446,87.421,87.446
2017-03-24 13:09:00,87.435,87.435,87.413,87.413
2017-03-24 13:09:30,87.438,87.463,87.438,87.441
2017-03-24 13:10:00,87.408,87.452,87.408,87.452
2017-03-24 13:10:30,87.379,87.401,87.379,87.401
2017-03-24 13:11:00,87.389,87.4,87.383,87.39
2017-03-24 13:11:30,87.372,87.383,87.367,87.383
2017-03-24 13:12:00,87.405,87.405,87.382,87.382
2017-03-24 13:12:30,87.42,87.42,87.405,87.411
2017-03-24 13:13:00,87.399,87.422,87.386,87.422
2017-03-24 13:13:30,87.4,87.4,87.384,87.384
2017-03-24 13:14:00,87.403,87.411,87.397,87.407
2017-03-24 13:14:30,87.438,87.438,87.404,87.404
2017-03-24 13:15:00,87.43,87.43,87.417,87.429
2017-03-24 13:15:30,87.424,87.431,87.408,87.431
2017-03-24 13:16:00,87.409,87.438,87.409,87.438
2017-03-24 13:16:30,87.364,87.406,87.364,87.406
2017-03-24 13:17:00,87.385,87.385,87.371,87.375
2017-03-24 13:17:30,87.42,87.423,87.399,87.399
2017-03-24 13:18:00,87.42,87.42,87.403,87.413
2017-03-24 13:18:30,87.404,87.415,87.4,87.415
2017-03-24 13:19:00,87.431,87.431,87.4,87.4
2017-03-24 13:19:30,87.452,87.453,87.435,87.438
2017-03-24 13:20:00,87.442,87.453,87.44,87.44
2017-03-24 13:20:30,87.441,87.447,87.433,87.444
2017-03-24 13:21:00,87.452,87.458,87.444,87.444
2017-03-24 13:21:30,87.456,87.467,87.452,87.462
2017-03-24 13:22:00,87.477,87.477,87.466,87.466
2017-03-24 13:22:30,87.474,87.484,87.467,87.484
2017-03-24 13:23:00,87.439,87.483,87.439,87.483
2017-03-24 13:23:30,87.446,87.447,87.44,87.447
2017-03-24 13:24:00,87.426,87.438,87.423,87.438
2017-03-24 13:24:30,87.41,87.421,87.395,87.421
2017-03-24 13:25:00,87.424,87.439,87.42,87.42
2017-03-24 13:25:30,87.406,87.431,87.406,87.431
2017-03-24 13:26:00,87.458,87.458,87.414,87.414
2017-03-24 13:26:30,87.447,87.448,87.433,87.448
2017-03-24 13:27:00,87.476,87.479,87.456,87.456
2017-03-24 13:27:30,87.5,87.5,87.485,87.489
2017-03-24 13:28:00,87.508,87.522,87.496,87.512
2017-03-24 13:28:30,87.495,87.507,87.482,87.507
2017-03-24 13:29:00,87.485,87.493,87.481,87.481
2017-03-24 13:29:30,87.513,87.513,87.492,87.492
2017-03-24 13:30:00,87.526,87.526,87.503,87.512
2017-03-24 13:30:30,87.518,87.536,87.518,87.536
2017-03-24 13:31:00,87.516,87.518,87.507,87.518
2017-03-24 13:31:30,87.522,87.522,87.508,87.515
2017-03-24 13:32:00,87.528,87.54,87.527,87.527
2017-03-24 13:32:30,87.509,87.516,87.504,87.516
2017-03-24 13:33:00,87.498,87.498,87.485,87.498
2017-03-24 13:33:30,87.503,87.513,87.503,87.513
2017-03-24 13:34:00,87.502,87.502,87.481,87.488
2017-03-24 13:34:30,87.516,87.52,87.505,87.505
2017-03-24 13:35:00,87.519,87.519,87.509,87.509
2017-03-24 13:35:30,87.523,87.53,87.523,87.529
2017-03-24 13:36:00,87.486,87.516,87.486,87.515
2017-03-24 13:36:30,87.444,87.478,87.444,87.478
2017-03-24 13:37:00,87.443,87.443,87.431,87.439
2017-03-24 13:37:30,87.461,87.463,87.449,87.449
2017-03-24 13:38:00,87.413,87.458,87.413,87.458
2017-03-24 13:38:30,87.418,87.418,87.398,87.399
2017-03-24 13:39:00,87.433,87.433,87.414,87.416
2017-03-24 13:39:30,87.447,87.452,87.446,87.448
2017-03-24 13:40:00,87.398,87.432,87.398,87.432
2017-03-24 13:40:30,87.384,87.384,87.363,87.384
2017-03-24 13:41:00,87.413,87.413,87.386,87.396
2017-03-24 13:41:30,87.432,87.432,87.398,87.398
2017-03-24 13:42:00,87.471,87.471,87.439,87.439
2017-03-24 13:42:30,87.479,87.479,87.467,87.479
2017-03-24 13:43:00,87.442,87.471,87.442,87.471
2017-03-24 13:43:30,87.434,87.44,87.434,87.44
2017-03-24 13:44:00,87.427,87.428,87.415,87.428
2017-03-24 13:44:30,87.438,87.445,87.431,87.433
2017-03-24 13:45:00,87.436,87.45,87.434,87.45
2017-03-24 13:45:30,87.455,87.46,87.448,87.448
2017-03-24 13:46:00,87.424,87.447,87.424,87.441
2017-03-24 13:46:30,87.443,87.443,87.415,87.415
2017-03-24 13:47:00,87.443,87.443,87.427,87.437
2017-03-24 13:47:30,87.414,87.429,87.412,87.429
2017-03-24 13:48:00,87.397,87.42,87.389,87.42
2017-03-24 13:48:30,87.408,87.408,87.388,87.402
2017-03-24 13:49:00,87.408,87.432,87.408,87.418
2017-03-24 13:49:30,87.399,87.417,87.399,87.406
2017-03-24 13:50:00,87.368,87.407,87.368,87.407
2017-03-24 13:50:30,87.363,87.369,87.356,87.369
2017-03-24 13:51:00,87.358,87.358,87.352,87.356
2017-03-24 13:51:30,87.38,87.389,87.369,87.369
2017-03-24 13:52:00,87.336,87.368,87.336,87.368
2017-03-24 13:52:30,87.338,87.338,87.318,87.325
2017-03-24 13:53:00,87.346,87.35,87.337,87.35
2017-03-24 13:53:30,87.341,87.356,87.335,87.356
2017-03-24 13:54:00,87.339,87.346,87.325,87.334
2017-03-24 13:54:30,87.338,87.342,87.328,87.335
2017-03-24 13:55:00,87.339,87.348,87.325,87.332
2017-03-24 13:55:30,87.368,87.368,87.355,87.355
2017-03-24 13:56:00,87.366,87.379,87.365,87.379
2017-03-24 13:56:30,87.372,87.374,87.357,87.368
2017-03-24 13:57:00,87.383,87.389,87.37,87.376
2017-03-24 13:57:30,87.396,87.396,87.378,87.378
2017-03-24 13:58:00,87.372,87.401,87.372,87.401
2017-03-24 13:58:30,87.392,87.392,87.354,87.362
2017-03-24 13:59:00,87.407,87.408,87.383,87.383
2017-03-24 13:59:30,87.401,87.414,87.4,87.402
2017-03-24 14:00:00,87.43,87.441,87.416,87.416
2017-03-24 14:00:30,87.434,87.441,87.418,87.423
2017-03-24 14:01:00,87.448,87.449,87.438,87.438
2017-03-24 14:01:30,87.432,87.435,87.429,87.435
2017-03-24 14:02:00,87.402,87.43,87.402,87.43
2017-03-24 14:02:30,87.399,87.4,87.386,87.39
2017-03-24 14:03:00,87.387,87.405,87.387,87.405
2017-03-24 14:03:30,87.411,87.411,87.397,87.397
2017-03-24 14:04:00,87.405,87.414,87.395,87.414
2017-03-24 14:04:30,87.39,87.419,87.39,87.419
2017-03-24 14:05:00,87.425,87.431,87.402,87.402
2017-03-24 14:05:30,87.435,87.435,87.426,87.432
2017-03-24 14:06:00,87.445,87.445,87.428,87.431
2017-03-24 14:06:30,87.499,87.499,87.455,87.455
2017-03-24 14:07:00,87.465,87.486,87.465,87.484
2017-03-24 14:07:30,87.503,87.503,87.477,87.477
2017-03-24 14:08:00,87.508,87.515,87.496,87.515
2017-03-24 14:08:30,87.505,87.512,87.497,87.497
2017-03-24 14:09:00,87.493,87.513,87.493,87.513
2017-03-24 14:09:30,87.507,87.507,87.486,87.499
2017-03-24 14:10:00,87.508,87.522,87.508,87.521
2017-03-24 14:10:30,87.501,87.512,87.495,87.495
2017-03-24 14:11:00,87.517,87.517,87.486,87.486
2017-03-24 14:11:30,87.503,87.515,87.495,87.508
2017-03-24 14:12:00,87.514,87.525,87.513,87.517
2017-03-24 14:12:30,87.529,87.541,87.508,87.508
2017-03-24 14:13:00,87.532,87.532,87.514,87.526
2017-03-24 14:13:30,87.547,87.556,87.542,87.547
2017-03-24 14:14:00,87.565,87.565,87.549,87.549
2017-03-24 14:14:30,87.606,87.606,87.569,87.569
2017-03-24 14:15:00,87.601,87.611,87.599,87.604
2017-03-24 14:15:30,87.62,87.62,87.607,87.61
2017-03-24 14:16:00,87.613,87.62,87.611,87.615
2017-03-24 14:16:30,87.609,87.62,87.602,87.618
2017-03-24 14:17:00,87.592,87.598,87.586,87.594
2017-03-24 14:17:30,87.587,87.6,87.587,87.587
2017-03-24 14:18:00,87.569,87.585,87.569,87.585
2017-03-24 14:18:30,87.593,87.596,87.58,87.58
2017-03-24 14:19:00,87.58,87.598,87.58,87.598
2017-03-24 14:19:30,87.581,87.581,87.57,87.572
2017-03-24 14:20:00,87.568,87.59,87.568,87.573
2017-03-24 14:20:30,87.571,87.577,87.551,87.577
2017-03-24 14:21:00,87.563,87.571,87.548,87.571
2017-03-24 14:21:30,87.589,87.589,87.571,87.571
2017-03-24 14:22:00,87.609,87.609,87.588,87.603
2017-03-24 14:22:30,87.587,87.603,87.587,87.601
2017-03-24 14:23:00,87.564,87.585,87.559,87.585
2017-03-24 14:23:30,87.587,87.587,87.555,87.555
2017-03-24 14:24:00,87.593,87.606,87.593,87.599
2017-03-24 14:24:30,87.602,87.602,87.582,87.589
2017-03-24 14:25:00,87.626,87.626,87.609,87.609
2017-03-24 14:25:30,87.64,87.64,87.625,87.625
2017-03-24 14:26:00,87.654,87.663,87.645,87.653
2017-03-24 14:26:30,87.633,87.649,87.632,87.646
2017-03-24 14:27:00,87.633,87.648,87.633,87.637
2017-03-24 14:27:30,87.632,87.64,87.624,87.631
2017-03-24 14:28:00,87.655,87.655,87.634,87.634
2017-03-24 14:28:30,87.635,87.652,87.635,87.642
2017-03-24 14:29:00,87.61,87.641,87.61,87.641
2017-03-24 14:29:30,87.611,87.621,87.611,87.618
2017-03-24 14:30:00,87.598,87.616,87.598,87.604
2017-03-24 14:30:30,87.571,87.595,87.571,87.595
2017-03-24 14:31:00,87.569,87.591,87.564,87.577
2017-03-24 14:31:30,87.541,87.555,87.541,87.555
2017-03-24 14:32:00,87.524,87.548,87.524,87.535
2017-03-24 14:32:30,87.559,87.559,87.529,87.535
2017-03-24 14:33:00,87.58,87.59,87.568,87.568
2017-03-24 14:33:30,87.603,87.603,87.583,87.59
2017-03-24 14:34:00,87.627,87.627,87.604,87.604
2017-03-24 14:34:30,87.634,87.642,87.623,87.625
2017-03-24 14:35:00,87.633,87.635,87.622,87.634
2017-03-24 14:35:30,87.64,87.657,87.633,87.633
2017-03-24 14:36:00,87.62,87.624,87.597,87.624
2017-03-24 14:36:30,87.613,87.626,87.612,87.613
2017-03-24 14:37:00,87.608,87.624,87.608,87.622
2017-03-24 14:37:30,87.574,87.594,87.568,87.594
2017-03-24 14:38:00,87.576,87.585,87.57,87.585
2017-03-24 14:38:30,87.592,87.592,87.569,87.569
2017-03-24 14:39:00,87.614,87.614,87.593,87.607
2017-03-24 14:39:30,87.608,87.621,87.603,87.621
2017-03-24 14:40:00,87.6,87.611,87.596,87.597
2017-03-24 14:40:30,87.574,87.599,87.574,87.592
2017-03-24 14:41:00,87.604,87.605,87.584,87.584
2017-03-24 14:41:30,87.639,87.639,87.606,87.606
2017-03-24 14:42:00,87.654,87.654,87.643,87.648
2017-03-24 14:42:30,87.644,87.654,87.642,87.646
2017-03-24 14:43:00,87.656,87.656,87.635,87.654
2017-03-24 14:43:30,87.642,87.67,87.642,87.667
2017-03-24 14:44:00,87.632,87.639,87.627,87.629
2017-03-24 14:44:30,87.643,87.658,87.643,87.645
2017-03-24 14:45:00,87.642,87.651,87.635,87.651
2017-03-24 14:45:30,87.654,87.654,87.636,87.647
2017-03-24 14:46:00,87.674,87.678,87.665,87.669
2017-03-24 14:46:30,87.662,87.693,87.662,87.687
2017-03-24 14:47:00,87.649,87.674,87.649,87.674
2017-03-24 14:47:30,87.669,87.678,87.652,87.661
2017-03-24 14:48:00,87.699,87.699,87.68,87.68
2017-03-24 14:48:30,87.716,87.718,87.701,87.701
2017-03-24 14:49:00,87.733,87.733,87.717,87.719
2017-03-24 14:49:30,87.715,87.745,87.715,87.745
2017-03-24 14:50:00,87.719,87.719,87.7,87.707
2017-03-24 14:50:30,87.727,87.727,87.709,87.719
2017-03-24 14:51:00,87.741,87.746,87.729,87.742
2017-03-24 14:51:30,87.697,87.741,87.697,87.741
2017-03-24 14:52:00,87.697,87.706,87.684,87.684
2017-03-24 14:52:30,87.686,87.703,87.686,87.7
2017-03-24 14:53:00,87.719,87.719,87.683,87.683
2017-03-24 14:53:30,87.709,87.718,87.703,87.707
2017-03-24 14:54:00,87.685,87.707,87.685,87.707
2017-03-24 14:54:30,87.656,87.671,87.656,87.671
2017-03-24 14:55:00,87.673,87.679,87.664,87.667
2017-03-24 14:55:30,87.692,87.701,87.685,87.685
2017-03-24 14:56:00,87.696,87.705,87.696,87.699
2017-03-24 14:56:30,87.692,87.702,87.692,87.696
2017-03-24 14:57:00,87.659,87.696,87.659,87.696
2017-03-24 14:57:30,87.688,87.688,87.662,87.67
2017-03-24 14:58:00,87.685,87.694,87.682,87.682
2017-03-24 14:58:30,87.693,87.693,87.671,87.685
2017-03-24 14:59:00,87.653,87.691,87.653,87.691
2017-03-24 14:59:30,87.643,87.644,87.639,87.64
2017-03-24 15:00:00,87.636,87.651,87.633,87.633
2017-03-24 15:00:30,87.613,87.637,87.613,87.634
2017-03-24 15:01:00,87.646,87.646,87.622,87.623
2017-03-24 15:01:30,87.619,87.631,87.619,87.631
2017-03-24 15:02:00,87.637,87.648,87.625,87.625
2017-03-24 15:02:30,87.653,87.661,87.64,87.64
2017-03-24 15:03:00,87.649,87.664,87.649,87.65
2017-03-24 15:03:30,87.666,87.678,87.663,87.663
2017-03-24 15:04:00,87.671,87.671,87.657,87.668
2017-03-24 15:04:30,87.667,87.667,87.655,87.66
2017-03-24 15:05:00,87.705,87.705,87.673,87.678
2017-03-24 15:05:30,87.764,87.764,87.715,87.715
2017-03-24 15:06:00,87.721,87.761,87.721,87.761
2017-03-24 15:06:30,87.694,87.723,87.682,87.723
2017-03-24 15:07:00,87.666,87.689,87.666,87.689
2017-03-24 15:07:30,87.645,87.654,87.645,87.654
2017-03-24 15:08:00,87.659,87.659,87.639,87.653
2017-03-24 15:08:30,87.646,87.65,87.629,87.65
2017-03-24 15:09:00,87.628,87.647,87.628,87.634
2017-03-24 15:09:30,87.642,87.656,87.639,87.639
2017-03-24 15:10:00,87.651,87.656,87.628,87.644
2017-03-24 15:10:30,87.646,87.651,87.632,87.651
2017-03-24 15:11:00,87.639,87.655,87.639,87.642
2017-03-24 15:11:30,87.674,87.674,87.646,87.652
2017-03-24 15:12:00,87.675,87.679,87.665,87.676
2017-03-24 15:12:30,87.697,87.697,87.68,87.68
2017-03-24 15:13:00,87.705,87.721,87.705,87.707
2017-03-24 15:13:30,87.68,87.696,87.676,87.696
2017-03-24 15:14:00,87.659,87.679,87.651,87.678
2017-03-24 15:14:30,87.686,87.692,87.672,87.672
2017-03-24 15:15:00,87.703,87.708,87.695,87.695
2017-03-24 15:15:30,87.704,87.707,87.681,87.687
2017-03-24 15:16:00,87.728,87.728,87.706,87.718
2017-03-24 15:16:30,87.733,87.741,87.728,87.731
2017-03-24 15:17:00,87.75,87.75,87.727,87.735
2017-03-24 15:17:30,87.765,87.768,87.763,87.764
2017-03-24 15:18:00,87.775,87.775,87.759,87.768
2017-03-24 15:18:30,87.783,87.787,87.783,87.787
2017-03-24 15:19:00,87.728,87.772,87.728,87.772
2017-03-24 15:19:30,87.716,87.737,87.716,87.733
2017-03-24 15:20:00,87.717,87.719,87.705,87.719
2017-03-24 15:20:30,87.716,87.721,87.709,87.717
2017-03-24 15:21:00,87.707,87.713,87.698,87.709
2017-03-24 15:21:30,87.709,87.713,87.694,87.71
2017-03-24 15:22:00,87.727,87.731,87.725,87.725
2017-03-24 15:22:30,87.728,87.728,87.705,87.716
2017-03-24 15:23:00,87.73,87.73,87.719,87.73
2017-03-24 15:23:30,87.707,87.719,87.707,87.719
2017-03-24 15:24:00,87.696,87.716,87.696,87.709
2017-03-24 15:24:30,87.72,87.72,87.705,87.705
2017-03-24 15:25:00,87.717,87.734,87.706,87.734
2017-03-24 15:25:30,87.741,87.741,87.716,87.716
2017-03-24 15:26:00,87.723,87.729,87.716,87.727
2017-03-24 15:26:30,87.708,87.736,87.701,87.736
2017-03-24 15:27:00,87.716,87.721,87.709,87.721
2017-03-24 15:27:30,87.688,87.72,87.688,87.72
2017-03-24 15:28:00,87.673,87.679,87.658,87.679
2017-03-24 15:28:30,87.68,87.68,87.67,87.67
2017-03-24 15:29:00,87.674,87.679,87.666,87.679
2017-03-24 15:29:30,87.686,87.69,87.686,87.689
2017-03-24 15:30:00,87.677,87.683,87.665,87.683
2017-03-24 15:30:30,87.676,87.676,87.663,87.663
2017-03-24 15:31:00,87.692,87.702,87.676,87.676
2017-03-24 15:31:30,87.722,87.734,87.704,87.704
2017-03-24 15:32:00,87.715,87.724,87.714,87.724
2017-03-24 15:32:30,87.713,87.727,87.713,87.716
2017-03-24 15:33:00,87.725,87.726,87.711,87.711
2017-03-24 15:33:30,87.746,87.746,87.725,87.733
2017-03-24 15:34:00,87.735,87.764,87.735,87.757
2017-03-24 15:34:30,87.716,87.746,87.716,87.746
2017-03-24 15:35:00,87.733,87.733,87.715,87.723
2017-03-24 15:35:30,87.681,87.718,87.681,87.718
2017-03-24 15:36:00,87.653,87.673,87.653,87.668
2017-03-24 15:36:30,87.63,87.642,87.63,87.638
2017-03-24 15:37:00,87.653,87.653,87.619,87.619
2017-03-24 15:37:30,87.645,87.653,87.642,87.645
2017-03-24 15:38:00,87.681,87.681,87.651,87.651
2017-03-24 15:38:30,87.688,87.696,87.68,87.692
2017-03-24 15:39:00,87.667,87.68,87.667,87.677
2017-03-24 15:39:30,87.666,87.666,87.65,87.652
2017-03-24 15:40:00,87.637,87.662,87.637,87.662
2017-03-24 15:40:30,87.643,87.657,87.624,87.624
2017-03-24 15:41:00,87.618,87.65,87.618,87.65
2017-03-24 15:41:30,87.588,87.603,87.588,87.602
2017-03-24 15:42:00,87.57,87.581,87.57,87.573
2017-03-24 15:42:30,87.562,87.562,87.552,87.558
2017-03-24 15:43:00,87.528,87.546,87.513,87.546
2017-03-24 15:43:30,87.496,87.521,87.496,87.521
2017-03-24 15:44:00,87.505,87.515,87.498,87.498
2017-03-24 15:44:30,87.487,87.502,87.482,87.502
2017-03-24 15:45:00,87.487,87.497,87.478,87.49
2017-03-24 15:45:30,87.498,87.501,87.49,87.498
2017-03-24 15:46:00,87.453,87.488,87.453,87.488
2017-03-24 15:46:30,87.454,87.454,87.438,87.438
2017-03-24 15:47:00,87.461,87.465,87.45,87.459
2017-03-24 15:47:30,87.411,87.445,87.411,87.445
2017-03-24 15:48:00,87.412,87.421,87.408,87.41
2017-03-24 15:48:30,87.402,87.424,87.402,87.422
2017-03-24 15:49:00,87.342,87.387,87.342,87.387
2017-03-24 15:49:30,87.353,87.353,87.329,87.331
2017-03-24 15:50:00,87.347,87.362,87.343,87.362
2017-03-24 15:50:30,87.312,87.337,87.312,87.337
2017-03-24 15:51:00,87.324,87.324,87.318,87.319
2017-03-24 15:51:30,87.341,87.341,87.318,87.318
2017-03-24 15:52:00,87.319,87.332,87.319,87.332
2017-03-24 15:52:30,87.351,87.364,87.334,87.334
2017-03-24 15:53:00,87.368,87.377,87.366,87.366
2017-03-24 15:53:30,87.35,87.364,87.35,87.361
2017-03-24 15:54:00,87.387,87.387,87.354,87.36
2017-03-24 15:54:30,87.37,87.389,87.37,87.384
2017-03-24 15:55:00,87.345,87.374,87.345,87.374
2017-03-24 15:55:30,87.345,87.345,87.334,87.342
2017-03-24 15:56:00,87.319,87.338,87.319,87.338
2017-03-24 15:56:30,87.295,87.324,87.295,87.311
2017-03-24 15:57:00,87.32,87.32,87.298,87.298
2017-03-24 15:57:30,87.206,87.309,87.206,87.305
2017-03-24 15:58:00,87.305,87.305,87.193,87.261
2017-03-24 15:58:30,87.314,87.314,87.302,87.302
2017-03-24 15:59:00,86.919,87.305,86.919,87.305
2017-03-24 15:59:30,87.181,87.181,86.77,86.786
2017-03-24 16:00:00,87.29,87.29,87.29,87.29
